10006
10014
10022
10049
10057
10065
10073
10081
10103
10111
10138
10146
10154
10162
10189
10197
10219
10227
10235
10243
10251
10278
10286
10294
10308
10316
10324
10332
10359
10367
10375
10383
10391
10405
10413
10421
10448
10456
10464
10472
10499
10502
10529
10537
10545
10553
10561
10588
10596
10618
10626
10634
10642
10669
10677
10685
10693
10707
10715
10723
10731
10758
10766
10774
10782
10804
10812
10839
10847
10855
10863
10871
10898
10901
10928
10936
10944
10952
10979
10987
10995
11002
11029
11037
11045
11053
11061
11088
11096
11118
11126
11134
11142
11169
11177
11185
11193
11207
11215
11223
11231
11258
11266
11274
11282
11304
11312
11339
11347
11355
11363
11371
11398
11401
11428
11436
11444
11452
11479
11487
11495
11509
11517
11525
11533
11541
11568
11576
11584
11592
11606
11614
11622
11649
11657
11665
11673
11681
11703
11711
11738
11746
11754
11762
11789
11797
11819
11827
11835
11843
11851
11878
11886
11894
11908
11916
11924
11932
11959
11967
11975
11983
11991
12009
12017
12025
12033
12041
12068
12076
12084
12092
12106
12114
12122
12149
12157
12165
12173
12181
12203
12211
12238
12246
12254
12262
12289
12297
12319
12327
12335
12343
12351
12378
12386
12394
12408
12416
12424
12432
12459
12467
12475
12483
12491
12505
12513
12521
12548
12556
12564
12572
12599
12602
12629
12637
12645
12653
12661
12688
12696
12718
12726
12734
12742
12769
12777
12785
12793
12807
12815
12823
12831
12858
12866
12874
12882
12904
12912
12939
12947
12955
12963
12971
12998
13005
13013
13021
13048
13056
13064
13072
13099
13102
13129
13137
13145
13153
13161
13188
13196
13218
13226
13234
13242
13269
13277
13285
13293
13307
13315
13323
13331
13358
13366
13374
13382
13404
13412
13439
13447
13455
13463
13471
13498
13501
13528
13536
13544
13552
13579
13587
13595
13609
13617
13625
13633
13641
13668
13676
13684
13692
13706
13714
13722
13749
13757
13765
13773
13781
13803
13811
13838
13846
13854
13862
13889
13897
13919
13927
13935
13943
13951
13978
13986
13994
14001
14028
14036
14044
14052
14079
14087
14095
14109
14117
14125
14133
14141
14168
14176
14184
14192
14206
14214
14222
14249
14257
14265
14273
14281
14303
14311
14338
14346
14354
14362
14389
14397
14419
14427
14435
14443
14451
14478
14486
14494
14508
14516
14524
14532
14559
14567
14575
14583
14591
14605
14613
14621
14648
14656
14664
14672
14699
14702
14729
14737
14745
14753
14761
14788
14796
14818
14826
14834
14842
14869
14877
14885
14893
14907
14915
14923
14931
14958
14966
14974
14982
15008
15016
15024
15032
15059
15067
15075
15083
15091
15105
15113
15121
15148
15156
15164
15172
15199
15202
15229
15237
15245
15253
15261
15288
15296
15318
15326
15334
15342
15369
15377
15385
15393
15407
15415
15423
15431
15458
15466
15474
15482
15504
15512
15539
15547
15555
15563
15571
15598
15601
15628
15636
15644
15652
15679
15687
15695
15709
15717
15725
15733
15741
15768
15776
15784
15792
15806
15814
15822
15849
15857
15865
15873
15881
15903
15911
15938
15946
15954
15962
15989
15997
16004
16012
16039
16047
16055
16063
16071
16098
16101
16128
16136
16144
16152
16179
16187
16195
16209
16217
16225
16233
16241
16268
16276
16284
16292
16306
16314
16322
16349
16357
16365
16373
16381
16403
16411
16438
16446
16454
16462
16489
16497
16519
16527
16535
16543
16551
16578
16586
16594
16608
16616
16624
16632
16659
16667
16675
16683
16691
16705
16713
16721
16748
16756
16764
16772
16799
16802
16829
16837
16845
16853
16861
16888
16896
16918
16926
16934
16942
16969
16977
16985
16993
17019
17027
17035
17043
17051
17078
17086
17094
17108
17116
17124
17132
17159
17167
17175
17183
17191
17205
17213
17221
17248
17256
17264
17272
17299
17302
17329
17337
17345
17353
17361
17388
17396
17418
17426
17434
17442
17469
17477
17485
17493
17507
17515
17523
17531
17558
17566
17574
17582
17604
17612
17639
17647
17655
17663
17671
17698
17701
17728
17736
17744
17752
17779
17787
17795
17809
17817
17825
17833
17841
17868
17876
17884
17892
17906
17914
17922
17949
17957
17965
17973
17981
18007
18015
18023
18031
18058
18066
18074
18082
18104
18112
18139
18147
18155
18163
18171
18198
18201
18228
18236
18244
18252
18279
18287
18295
18309
18317
18325
18333
18341
18368
18376
18384
18392
18406
18414
18422
18449
18457
18465
18473
18481
18503
18511
18538
18546
18554
18562
18589
18597
18619
18627
18635
18643
18651
18678
18686
18694
18708
18716
18724
18732
18759
18767
18775
18783
18791
18805
18813
18821
18848
18856
18864
18872
18899
18902
18929
18937
18945
18953
18961
18988
18996
19003
19011
19038
19046
19054
19062
19089
19097
19119
19127
19135
19143
19151
19178
19186
19194
19208
19216
19224
19232
19259
19267
19275
19283
19291
19305
19313
19321
19348
19356
19364
19372
19399
19402
19429
19437
19445
19453
19461
19488
19496
19518
19526
19534
19542
19569
19577
19585
19593
19607
19615
19623
19631
19658
19666
19674
19682
19704
19712
19739
19747
19755
19763
19771
19798
19801
19828
19836
19844
19852
19879
19887
19895
19909
19917
19925
19933
19941
19968
19976
19984
19992
20001
20028
20036
20044
20052
20079
20087
20095
20109
20117
20125
20133
20141
20168
20176
20184
20192
20206
20214
20222
20249
20257
20265
20273
20281
20303
20311
20338
20346
20354
20362
20389
20397
20419
20427
20435
20443
20451
20478
20486
20494
20508
20516
20524
20532
20559
20567
20575
20583
20591
20605
20613
20621
20648
20656
20664
20672
20699
20702
20729
20737
20745
20753
20761
20788
20796
20818
20826
20834
20842
20869
20877
20885
20893
20907
20915
20923
20931
20958
20966
20974
20982
21008
21016
21024
21032
21059
21067
21075
21083
21091
21105
21113
21121
21148
21156
21164
21172
21199
21202
21229
21237
21245
21253
21261
21288
21296
21318
21326
21334
21342
21369
21377
21385
21393
21407
21415
21423
21431
21458
21466
21474
21482
21504
21512
21539
21547
21555
21563
21571
21598
21601
21628
21636
21644
21652
21679
21687
21695
21709
21717
21725
21733
21741
21768
21776
21784
21792
21806
21814
21822
21849
21857
21865
21873
21881
21903
21911
21938
21946
21954
21962
21989
21997
22004
22012
22039
22047
22055
22063
22071
22098
22101
22128
22136
22144
22152
22179
22187
22195
22209
22217
22225
22233
22241
22268
22276
22284
22292
22306
22314
22322
22349
22357
22365
22373
22381
22403
22411
22438
22446
22454
22462
22489
22497
22519
22527
22535
22543
22551
22578
22586
22594
22608
22616
22624
22632
22659
22667
22675
22683
22691
22705
22713
22721
22748
22756
22764
22772
22799
22802
22829
22837
22845
22853
22861
22888
22896
22918
22926
22934
22942
22969
22977
22985
22993
23019
23027
23035
23043
23051
23078
23086
23094
23108
23116
23124
23132
23159
23167
23175
23183
23191
23205
23213
23221
23248
23256
23264
23272
23299
23302
23329
23337
23345
23353
23361
23388
23396
23418
23426
23434
23442
23469
23477
23485
23493
23507
23515
23523
23531
23558
23566
23574
23582
23604
23612
23639
23647
23655
23663
23671
23698
23701
23728
23736
23744
23752
23779
23787
23795
23809
23817
23825
23833
23841
23868
23876
23884
23892
23906
23914
23922
23949
23957
23965
23973
23981
24007
24015
24023
24031
24058
24066
24074
24082
24104
24112
24139
24147
24155
24163
24171
24198
24201
24228
24236
24244
24252
24279
24287
24295
24309
24317
24325
24333
24341
24368
24376
24384
24392
24406
24414
24422
24449
24457
24465
24473
24481
24503
24511
24538
24546
24554
24562
24589
24597
24619
24627
24635
24643
24651
24678
24686
24694
24708
24716
24724
24732
24759
24767
24775
24783
24791
24805
24813
24821
24848
24856
24864
24872
24899
24902
24929
24937
24945
24953
24961
24988
24996
25003
25011
25038
25046
25054
25062
25089
25097
25119
25127
25135
25143
25151
25178
25186
25194
25208
25216
25224
25232
25259
25267
25275
25283
25291
25305
25313
25321
25348
25356
25364
25372
25399
25402
25429
25437
25445
25453
25461
25488
25496
25518
25526
25534
25542
25569
25577
25585
25593
25607
25615
25623
25631
25658
25666
25674
25682
25704
25712
25739
25747
25755
25763
25771
25798
25801
25828
25836
25844
25852
25879
25887
25895
25909
25917
25925
25933
25941
25968
25976
25984
25992
26018
26026
26034
26042
26069
26077
26085
26093
26107
26115
26123
26131
26158
26166
26174
26182
26204
26212
26239
26247
26255
26263
26271
26298
26301
26328
26336
26344
26352
26379
26387
26395
26409
26417
26425
26433
26441
26468
26476
26484
26492
26506
26514
26522
26549
26557
26565
26573
26581
26603
26611
26638
26646
26654
26662
26689
26697
26719
26727
26735
26743
26751
26778
26786
26794
26808
26816
26824
26832
26859
26867
26875
26883
26891
26905
26913
26921
26948
26956
26964
26972
26999
27006
27014
27022
27049
27057
27065
27073
27081
27103
27111
27138
27146
27154
27162
27189
27197
27219
27227
27235
27243
27251
27278
27286
27294
27308
27316
27324
27332
27359
27367
27375
27383
27391
27405
27413
27421
27448
27456
27464
27472
27499
27502
27529
27537
27545
27553
27561
27588
27596
27618
27626
27634
27642
27669
27677
27685
27693
27707
27715
27723
27731
27758
27766
27774
27782
27804
27812
27839
27847
27855
27863
27871
27898
27901
27928
27936
27944
27952
27979
27987
27995
28002
28029
28037
28045
28053
28061
28088
28096
28118
28126
28134
28142
28169
28177
28185
28193
28207
28215
28223
28231
28258
28266
28274
28282
28304
28312
28339
28347
28355
28363
28371
28398
28401
28428
28436
28444
28452
28479
28487
28495
28509
28517
28525
28533
28541
28568
28576
28584
28592
28606
28614
28622
28649
28657
28665
28673
28681
28703
28711
28738
28746
28754
28762
28789
28797
28819
28827
28835
28843
28851
28878
28886
28894
28908
28916
28924
28932
28959
28967
28975
28983
28991
29009
29017
29025
29033
29041
29068
29076
29084
29092
29106
29114
29122
29149
29157
29165
29173
29181
29203
29211
29238
29246
29254
29262
29289
29297
29319
29327
29335
29343
29351
29378
29386
29394
29408
29416
29424
29432
29459
29467
29475
29483
29491
29505
29513
29521
29548
29556
29564
29572
29599
29602
29629
29637
29645
29653
29661
29688
29696
29718
29726
29734
29742
29769
29777
29785
29793
29807
29815
29823
29831
29858
29866
29874
29882
29904
29912
29939
29947
29955
29963
29971
29998
30007
30015
30023
30031
30058
30066
30074
30082
30104
30112
30139
30147
30155
30163
30171
30198
30201
30228
30236
30244
30252
30279
30287
30295
30309
30317
30325
30333
30341
30368
30376
30384
30392
30406
30414
30422
30449
30457
30465
30473
30481
30503
30511
30538
30546
30554
30562
30589
30597
30619
30627
30635
30643
30651
30678
30686
30694
30708
30716
30724
30732
30759
30767
30775
30783
30791
30805
30813
30821
30848
30856
30864
30872
30899
30902
30929
30937
30945
30953
30961
30988
30996
31003
31011
31038
31046
31054
31062
31089
31097
31119
31127
31135
31143
31151
31178
31186
31194
31208
31216
31224
31232
31259
31267
31275
31283
31291
31305
31313
31321
31348
31356
31364
31372
31399
31402
31429
31437
31445
31453
31461
31488
31496
31518
31526
31534
31542
31569
31577
31585
31593
31607
31615
31623
31631
31658
31666
31674
31682
31704
31712
31739
31747
31755
31763
31771
31798
31801
31828
31836
31844
31852
31879
31887
31895
31909
31917
31925
31933
31941
31968
31976
31984
31992
32018
32026
32034
32042
32069
32077
32085
32093
32107
32115
32123
32131
32158
32166
32174
32182
32204
32212
32239
32247
32255
32263
32271
32298
32301
32328
32336
32344
32352
32379
32387
32395
32409
32417
32425
32433
32441
32468
32476
32484
32492
32506
32514
32522
32549
32557
32565
32573
32581
32603
32611
32638
32646
32654
32662
32689
32697
32719
32727
32735
32743
32751
32778
32786
32794
32808
32816
32824
32832
32859
32867
32875
32883
32891
32905
32913
32921
32948
32956
32964
32972
32999
33006
33014
33022
33049
33057
33065
33073
33081
33103
33111
33138
33146
33154
33162
33189
33197
33219
33227
33235
33243
33251
33278
33286
33294
33308
33316
33324
33332
33359
33367
33375
33383
33391
33405
33413
33421
33448
33456
33464
33472
33499
33502
33529
33537
33545
33553
33561
33588
33596
33618
33626
33634
33642
33669
33677
33685
33693
33707
33715
33723
33731
33758
33766
33774
33782
33804
33812
33839
33847
33855
33863
33871
33898
33901
33928
33936
33944
33952
33979
33987
33995
34002
34029
34037
34045
34053
34061
34088
34096
34118
34126
34134
34142
34169
34177
34185
34193
34207
34215
34223
34231
34258
34266
34274
34282
34304
34312
34339
34347
34355
34363
34371
34398
34401
34428
34436
34444
34452
34479
34487
34495
34509
34517
34525
34533
34541
34568
34576
34584
34592
34606
34614
34622
34649
34657
34665
34673
34681
34703
34711
34738
34746
34754
34762
34789
34797
34819
34827
34835
34843
34851
34878
34886
34894
34908
34916
34924
34932
34959
34967
34975
34983
34991
35009
35017
35025
35033
35041
35068
35076
35084
35092
35106
35114
35122
35149
35157
35165
35173
35181
35203
35211
35238
35246
35254
35262
35289
35297
35319
35327
35335
35343
35351
35378
35386
35394
35408
35416
35424
35432
35459
35467
35475
35483
35491
35505
35513
35521
35548
35556
35564
35572
35599
35602
35629
35637
35645
35653
35661
35688
35696
35718
35726
35734
35742
35769
35777
35785
35793
35807
35815
35823
35831
35858
35866
35874
35882
35904
35912
35939
35947
35955
35963
35971
35998
36005
36013
36021
36048
36056
36064
36072
36099
36102
36129
36137
36145
36153
36161
36188
36196
36218
36226
36234
36242
36269
36277
36285
36293
36307
36315
36323
36331
36358
36366
36374
36382
36404
36412
36439
36447
36455
36463
36471
36498
36501
36528
36536
36544
36552
36579
36587
36595
36609
36617
36625
36633
36641
36668
36676
36684
36692
36706
36714
36722
36749
36757
36765
36773
36781
36803
36811
36838
36846
36854
36862
36889
36897
36919
36927
36935
36943
36951
36978
36986
36994
37001
37028
37036
37044
37052
37079
37087
37095
37109
37117
37125
37133
37141
37168
37176
37184
37192
37206
37214
37222
37249
37257
37265
37273
37281
37303
37311
37338
37346
37354
37362
37389
37397
37419
37427
37435
37443
37451
37478
37486
37494
37508
37516
37524
37532
37559
37567
37575
37583
37591
37605
37613
37621
37648
37656
37664
37672
37699
37702
37729
37737
37745
37753
37761
37788
37796
37818
37826
37834
37842
37869
37877
37885
37893
37907
37915
37923
37931
37958
37966
37974
37982
38008
38016
38024
38032
38059
38067
38075
38083
38091
38105
38113
38121
38148
38156
38164
38172
38199
38202
38229
38237
38245
38253
38261
38288
38296
38318
38326
38334
38342
38369
38377
38385
38393
38407
38415
38423
38431
38458
38466
38474
38482
38504
38512
38539
38547
38555
38563
38571
38598
38601
38628
38636
38644
38652
38679
38687
38695
38709
38717
38725
38733
38741
38768
38776
38784
38792
38806
38814
38822
38849
38857
38865
38873
38881
38903
38911
38938
38946
38954
38962
38989
38997
39004
39012
39039
39047
39055
39063
39071
39098
39101
39128
39136
39144
39152
39179
39187
39195
39209
39217
39225
39233
39241
39268
39276
39284
39292
39306
39314
39322
39349
39357
39365
39373
39381
39403
39411
39438
39446
39454
39462
39489
39497
39519
39527
39535
39543
39551
39578
39586
39594
39608
39616
39624
39632
39659
39667
39675
39683
39691
39705
39713
39721
39748
39756
39764
39772
39799
39802
39829
39837
39845
39853
39861
39888
39896
39918
39926
39934
39942
39969
39977
39985
39993
40002
40029
40037
40045
40053
40061
40088
40096
40118
40126
40134
40142
40169
40177
40185
40193
40207
40215
40223
40231
40258
40266
40274
40282
40304
40312
40339
40347
40355
40363
40371
40398
40401
40428
40436
40444
40452
40479
40487
40495
40509
40517
40525
40533
40541
40568
40576
40584
40592
40606
40614
40622
40649
40657
40665
40673
40681
40703
40711
40738
40746
40754
40762
40789
40797
40819
40827
40835
40843
40851
40878
40886
40894
40908
40916
40924
40932
40959
40967
40975
40983
40991
41009
41017
41025
41033
41041
41068
41076
41084
41092
41106
41114
41122
41149
41157
41165
41173
41181
41203
41211
41238
41246
41254
41262
41289
41297
41319
41327
41335
41343
41351
41378
41386
41394
41408
41416
41424
41432
41459
41467
41475
41483
41491
41505
41513
41521
41548
41556
41564
41572
41599
41602
41629
41637
41645
41653
41661
41688
41696
41718
41726
41734
41742
41769
41777
41785
41793
41807
41815
41823
41831
41858
41866
41874
41882
41904
41912
41939
41947
41955
41963
41971
41998
42005
42013
42021
42048
42056
42064
42072
42099
42102
42129
42137
42145
42153
42161
42188
42196
42218
42226
42234
42242
42269
42277
42285
42293
42307
42315
42323
42331
42358
42366
42374
42382
42404
42412
42439
42447
42455
42463
42471
42498
42501
42528
42536
42544
42552
42579
42587
42595
42609
42617
42625
42633
42641
42668
42676
42684
42692
42706
42714
42722
42749
42757
42765
42773
42781
42803
42811
42838
42846
42854
42862
42889
42897
42919
42927
42935
42943
42951
42978
42986
42994
43001
43028
43036
43044
43052
43079
43087
43095
43109
43117
43125
43133
43141
43168
43176
43184
43192
43206
43214
43222
43249
43257
43265
43273
43281
43303
43311
43338
43346
43354
43362
43389
43397
43419
43427
43435
43443
43451
43478
43486
43494
43508
43516
43524
43532
43559
43567
43575
43583
43591
43605
43613
43621
43648
43656
43664
43672
43699
43702
43729
43737
43745
43753
43761
43788
43796
43818
43826
43834
43842
43869
43877
43885
43893
43907
43915
43923
43931
43958
43966
43974
43982
44008
44016
44024
44032
44059
44067
44075
44083
44091
44105
44113
44121
44148
44156
44164
44172
44199
44202
44229
44237
44245
44253
44261
44288
44296
44318
44326
44334
44342
44369
44377
44385
44393
44407
44415
44423
44431
44458
44466
44474
44482
44504
44512
44539
44547
44555
44563
44571
44598
44601
44628
44636
44644
44652
44679
44687
44695
44709
44717
44725
44733
44741
44768
44776
44784
44792
44806
44814
44822
44849
44857
44865
44873
44881
44903
44911
44938
44946
44954
44962
44989
44997
45004
45012
45039
45047
45055
45063
45071
45098
45101
45128
45136
45144
45152
45179
45187
45195
45209
45217
45225
45233
45241
45268
45276
45284
45292
45306
45314
45322
45349
45357
45365
45373
45381
45403
45411
45438
45446
45454
45462
45489
45497
45519
45527
45535
45543
45551
45578
45586
45594
45608
45616
45624
45632
45659
45667
45675
45683
45691
45705
45713
45721
45748
45756
45764
45772
45799
45802
45829
45837
45845
45853
45861
45888
45896
45918
45926
45934
45942
45969
45977
45985
45993
46019
46027
46035
46043
46051
46078
46086
46094
46108
46116
46124
46132
46159
46167
46175
46183
46191
46205
46213
46221
46248
46256
46264
46272
46299
46302
46329
46337
46345
46353
46361
46388
46396
46418
46426
46434
46442
46469
46477
46485
46493
46507
46515
46523
46531
46558
46566
46574
46582
46604
46612
46639
46647
46655
46663
46671
46698
46701
46728
46736
46744
46752
46779
46787
46795
46809
46817
46825
46833
46841
46868
46876
46884
46892
46906
46914
46922
46949
46957
46965
46973
46981
47007
47015
47023
47031
47058
47066
47074
47082
47104
47112
47139
47147
47155
47163
47171
47198
47201
47228
47236
47244
47252
47279
47287
47295
47309
47317
47325
47333
47341
47368
47376
47384
47392
47406
47414
47422
47449
47457
47465
47473
47481
47503
47511
47538
47546
47554
47562
47589
47597
47619
47627
47635
47643
47651
47678
47686
47694
47708
47716
47724
47732
47759
47767
47775
47783
47791
47805
47813
47821
47848
47856
47864
47872
47899
47902
47929
47937
47945
47953
47961
47988
47996
48003
48011
48038
48046
48054
48062
48089
48097
48119
48127
48135
48143
48151
48178
48186
48194
48208
48216
48224
48232
48259
48267
48275
48283
48291
48305
48313
48321
48348
48356
48364
48372
48399
48402
48429
48437
48445
48453
48461
48488
48496
48518
48526
48534
48542
48569
48577
48585
48593
48607
48615
48623
48631
48658
48666
48674
48682
48704
48712
48739
48747
48755
48763
48771
48798
48801
48828
48836
48844
48852
48879
48887
48895
48909
48917
48925
48933
48941
48968
48976
48984
48992
49018
49026
49034
49042
49069
49077
49085
49093
49107
49115
49123
49131
49158
49166
49174
49182
49204
49212
49239
49247
49255
49263
49271
49298
49301
49328
49336
49344
49352
49379
49387
49395
49409
49417
49425
49433
49441
49468
49476
49484
49492
49506
49514
49522
49549
49557
49565
49573
49581
49603
49611
49638
49646
49654
49662
49689
49697
49719
49727
49735
49743
49751
49778
49786
49794
49808
49816
49824
49832
49859
49867
49875
49883
49891
49905
49913
49921
49948
49956
49964
49972
49999
